1
1.00017
1.00067
1.0014
1.00224
1.00308
1.00377
1.00423
1.0044
1.00432
1.00404
1.00369
1.00339
1.00324
1.00328
1.00342
1.00346
1.00298
1.00144
0.998092
0.992082
0.982468
0.968302
0.948704
0.922942
0.89051
0.851189
0.805093
0.752687
0.694778
0.632484
0.567171
0.500375
0.43371
0.368772
0.307038
0.249791
0.198047
0.152511
0.113563
0.0812581
0.0553562
0.0353703
0.0206259
0.0103287
0.00363344
0.000331379
0.00224524
0.00286196
0.00270174
0.00217305
0.0015546
0.00101083
0.000615551
0.000378602
0.000265735
0.000214347
0.000168356
0.000104835
9.23778e-05
0.000213096
0.000364717
0.000499475
0.000585146
0.000598751
0.000530175
0.000384209
0.000180007
5.70855e-05
0.0002821
0.000467967
0.000584471
0.000614096
0.00055309
0.000411808
0.000212851
1.55138e-05
0.000231328
0.000409204
0.000521403
0.000552925
0.00050138
0.000376954
0.000200494
5.08838e-06
0.000194073
0.000352539
0.000453142
0.000482779
0.000439411
0.000331984
0.000178725
5.34079e-06
0.000165269
0.000303995
0.000392545
0.000419397
0.000382641
0.000289931
0.000157024
5.73359e-06
0.000142467
0.000263732
0.000341485
0.000365538
0.000334068
0.000253607
0.000137793
5.47485e-06
0.000124123
0.000230561
0.000299062
0.00032057
0.000293344
0.000222986
0.000121373
4.95706e-06
0.000109169
0.000203159
0.000263839
0.000283114
0.000259327
0.00019732
0.000107511
4.38456e-06
9.68333e-05
0.000180379
0.000234462
0.000251803
0.000230833
0.000175769
9.58201e-05
3.84075e-06
8.65491e-05
0.000161298
0.000209799
0.000225472
0.000206833
0.000157586
8.59296e-05
3.3544e-06
7.78925e-05
0.000145189
0.000188945
0.000203177
0.000186487
0.000142152
7.75191e-05
2.9311e-06
7.05422e-05
0.000131486
0.000171183
0.000184169
0.000169123
0.000128966
7.03256e-05
2.5672e-06
6.42513e-05
0.000119745
0.00015595
0.000167852
0.000154204
0.000117628
6.41359e-05
2.2559e-06
5.88283e-05
0.000109616
0.000142799
0.000153756
0.000141307
0.00010782
5.87786e-05
1.98984e-06
5.41227e-05
0.000100823
0.000131376
0.000141504
0.000130091
9.92856e-05
5.41157e-05
1.76214e-06
5.00149e-05
9.31461e-05
0.000121398
0.000130796
0.000120282
9.1819e-05
5.00355e-05
1.56675e-06
4.64094e-05
8.64071e-05
0.000112635
0.000121388
0.000111661
8.52536e-05
4.64475e-05
1.39854e-06
4.32288e-05
8.04624e-05
0.000104903
0.000113083
0.000104047
7.94534e-05
4.32777e-05
1.2532e-06
4.04102e-05
7.51946e-05
9.80487e-05
0.000105718
9.72931e-05
7.43069e-05
4.04652e-05
1.12712e-06
3.79017e-05
7.0507e-05
9.19481e-05
9.91611e-05
9.12778e-05
6.97221e-05
3.79599e-05
1.01733e-06
3.56607e-05
6.63198e-05
8.64976e-05
9.33011e-05
8.59004e-05
6.56225e-05
3.57198e-05
9.21351e-07
3.36515e-05
6.25663e-05
8.16106e-05
8.80456e-05
8.10764e-05
6.19442e-05
3.37102e-05
8.37139e-07
3.18442e-05
5.91907e-05
7.72148e-05
8.33173e-05
7.67354e-05
5.86335e-05
3.19016e-05
7.62979e-07
3.02137e-05
5.61457e-05
7.32492e-05
7.90508e-05
7.28175e-05
5.5645e-05
3.02692e-05
6.97444e-07
2.87388e-05
5.33917e-05
6.96619e-05
7.51905e-05
6.9272e-05
5.29403e-05
2.87919e-05
6.39338e-07
2.74012e-05
5.08945e-05
6.64088e-05
7.16894e-05
6.60558e-05
5.04865e-05
2.74518e-05
5.87654e-07
2.61855e-05
4.86251e-05
6.34522e-05
6.85068e-05
6.31317e-05
4.82553e-05
2.62335e-05
5.41544e-07
2.50782e-05
4.65586e-05
6.07596e-05
6.5608e-05
6.04681e-05
4.62226e-05
2.51236e-05
5.00291e-07
2.40679e-05
4.46732e-05
5.83029e-05
6.29629e-05
5.80373e-05
4.43675e-05
2.41107e-05
4.63284e-07
2.31447e-05
4.29505e-05
5.60579e-05
6.05455e-05
5.58154e-05
4.26717e-05
2.31849e-05
4.30003e-07
2.22998e-05
4.13741e-05
5.40035e-05
5.83331e-05
5.37818e-05
4.11195e-05
2.23375e-05
4.00004e-07
2.15256e-05
3.99299e-05
5.21213e-05
5.63059e-05
5.19183e-05
3.9697e-05
2.1561e-05
3.72905e-07
2.08157e-05
3.86054e-05
5.03951e-05
5.44466e-05
5.02091e-05
3.83922e-05
2.08487e-05
3.48379e-07
2.0164e-05
3.73899e-05
4.88107e-05
5.27401e-05
4.86402e-05
3.71946e-05
2.01949e-05
3.26142e-07
1.95657e-05
3.62737e-05
4.73558e-05
5.1173e-05
4.71994e-05
3.60946e-05
1.95945e-05
3.05951e-07
1.9016e-05
3.52484e-05
4.60194e-05
4.97334e-05
4.58759e-05
3.50842e-05
1.90428e-05
2.87593e-07
1.85111e-05
3.43065e-05
4.47917e-05
4.8411e-05
4.466e-05
3.41559e-05
1.85361e-05
2.70886e-07
1.80475e-05
3.34415e-05
4.36643e-05
4.71965e-05
4.35434e-05
3.33035e-05
1.80707e-05
2.55669e-07
1.76219e-05
3.26475e-05
4.26294e-05
4.60818e-05
4.25186e-05
3.25211e-05
1.76434e-05
2.41806e-07
1.72317e-05
3.19194e-05
4.16803e-05
4.50595e-05
4.15788e-05
3.18036e-05
1.72516e-05
2.29175e-07
1.68743e-05
3.12525e-05
4.0811e-05
4.41233e-05
4.07182e-05
3.11466e-05
1.68927e-05
2.17673e-07
1.65477e-05
3.06426e-05
4.00162e-05
4.32674e-05
3.99315e-05
3.05461e-05
1.65646e-05
2.07208e-07
1.62497e-05
3.00863e-05
3.92911e-05
4.24867e-05
3.92141e-05
2.99984e-05
1.62652e-05
1.97703e-07
1.59788e-05
2.95802e-05
3.86316e-05
4.17767e-05
3.85617e-05
2.95004e-05
1.59929e-05
1.89091e-07
1.57333e-05
2.91214e-05
3.80338e-05
4.11333e-05
3.79706e-05
2.90494e-05
1.57462e-05
1.81312e-07
1.5512e-05
2.87075e-05
3.74945e-05
4.0553e-05
3.74377e-05
2.86427e-05
1.55236e-05
1.74318e-07
1.53135e-05
2.83361e-05
3.70108e-05
4.00327e-05
3.69601e-05
2.82783e-05
1.5324e-05
1.68066e-07
1.51369e-05
2.80053e-05
3.65801e-05
3.95696e-05
3.65351e-05
2.79542e-05
1.51462e-05
1.62521e-07
1.49813e-05
2.77135e-05
3.62e-05
3.91613e-05
3.61606e-05
2.76686e-05
1.49895e-05
1.57655e-07
1.48458e-05
2.7459e-05
3.58688e-05
3.88057e-05
3.58348e-05
2.74202e-05
1.48529e-05
1.53441e-07
1.47297e-05
2.72405e-05
3.55847e-05
3.85009e-05
3.55558e-05
2.72077e-05
1.47358e-05
1.49861e-07
1.46326e-05
2.70571e-05
3.53462e-05
3.82456e-05
3.53224e-05
2.703e-05
1.46376e-05
1.469e-07
1.45538e-05
2.69078e-05
3.51523e-05
3.80383e-05
3.51334e-05
2.68862e-05
1.45578e-05
1.44543e-07
1.4493e-05
2.67918e-05
3.50019e-05
3.78781e-05
3.49878e-05
2.67757e-05
1.4496e-05
1.42784e-07
1.445e-05
2.67086e-05
3.48943e-05
3.77643e-05
3.4885e-05
2.66979e-05
1.44519e-05
1.41614e-07
1.44244e-05
2.66577e-05
3.48291e-05
3.76962e-05
3.48244e-05
2.66524e-05
1.44254e-05
1.41031e-07
1.44162e-05
2.66391e-05
3.48058e-05
3.76735e-05
3.48058e-05
2.66391e-05
1.44162e-05
1.41031e-07
1.44254e-05
2.66524e-05
3.48244e-05
3.76962e-05
3.48291e-05
2.66577e-05
1.44244e-05
1.41614e-07
1.44519e-05
2.66979e-05
3.4885e-05
3.77643e-05
3.48943e-05
2.67086e-05
1.445e-05
1.42784e-07
1.4496e-05
2.67757e-05
3.49878e-05
3.78781e-05
3.50019e-05
2.67918e-05
1.4493e-05
1.44543e-07
1.45578e-05
2.68862e-05
3.51334e-05
3.80383e-05
3.51523e-05
2.69078e-05
1.45538e-05
1.469e-07
1.46376e-05
2.703e-05
3.53224e-05
3.82456e-05
3.53462e-05
2.70571e-05
1.46326e-05
1.49861e-07
1.47358e-05
2.72077e-05
3.55558e-05
3.85009e-05
3.55847e-05
2.72405e-05
1.47297e-05
1.53441e-07
1.48529e-05
2.74202e-05
3.58348e-05
3.88057e-05
3.58688e-05
2.7459e-05
1.48458e-05
1.57655e-07
1.49895e-05
2.76686e-05
3.61606e-05
3.91613e-05
3.62e-05
2.77135e-05
1.49813e-05
1.62521e-07
1.51462e-05
2.79542e-05
3.65351e-05
3.95696e-05
3.65801e-05
2.80053e-05
1.51369e-05
1.68066e-07
1.5324e-05
2.82783e-05
3.69601e-05
4.00327e-05
3.70108e-05
2.83361e-05
1.53135e-05
1.74318e-07
1.55236e-05
2.86427e-05
3.74377e-05
4.0553e-05
3.74945e-05
2.87075e-05
1.5512e-05
1.81312e-07
1.57462e-05
2.90494e-05
3.79706e-05
4.11333e-05
3.80338e-05
2.91214e-05
1.57333e-05
1.89091e-07
1.59929e-05
2.95004e-05
3.85617e-05
4.17767e-05
3.86316e-05
2.95802e-05
1.59788e-05
1.97703e-07
1.62652e-05
2.99984e-05
3.92141e-05
4.24867e-05
3.92911e-05
3.00863e-05
1.62497e-05
2.07208e-07
1.65646e-05
3.05461e-05
3.99315e-05
4.32674e-05
4.00162e-05
3.06426e-05
1.65477e-05
2.17673e-07
1.68927e-05
3.11466e-05
4.07182e-05
4.41233e-05
4.0811e-05
3.12525e-05
1.68743e-05
2.29175e-07
1.72516e-05
3.18036e-05
4.15788e-05
4.50595e-05
4.16803e-05
3.19194e-05
1.72317e-05
2.41806e-07
1.76434e-05
3.25211e-05
4.25186e-05
4.60818e-05
4.26294e-05
3.26475e-05
1.76219e-05
2.55669e-07
1.80707e-05
3.33035e-05
4.35434e-05
4.71965e-05
4.36643e-05
3.34415e-05
1.80475e-05
2.70886e-07
1.85361e-05
3.41559e-05
4.466e-05
4.8411e-05
4.47917e-05
3.43065e-05
1.85111e-05
2.87593e-07
1.90428e-05
3.50842e-05
4.58759e-05
4.97334e-05
4.60194e-05
3.52484e-05
1.9016e-05
3.05951e-07
1.95945e-05
3.60946e-05
4.71994e-05
5.1173e-05
4.73558e-05
3.62737e-05
1.95657e-05
3.26142e-07
2.01949e-05
3.71946e-05
4.86402e-05
5.27401e-05
4.88107e-05
3.73899e-05
2.0164e-05
3.48379e-07
2.08487e-05
3.83922e-05
5.02091e-05
5.44466e-05
5.03951e-05
3.86054e-05
2.08157e-05
3.72905e-07
2.1561e-05
3.9697e-05
5.19183e-05
5.63059e-05
5.21213e-05
3.99299e-05
2.15256e-05
4.00004e-07
2.23375e-05
4.11195e-05
5.37818e-05
5.83331e-05
5.40035e-05
4.13741e-05
2.22998e-05
4.30003e-07
2.31849e-05
4.26717e-05
5.58154e-05
6.05455e-05
5.60579e-05
4.29505e-05
2.31447e-05
4.63284e-07
2.41107e-05
4.43675e-05
5.80373e-05
6.29629e-05
5.83029e-05
4.46732e-05
2.40679e-05
5.00291e-07
2.51236e-05
4.62226e-05
6.04681e-05
6.5608e-05
6.07596e-05
4.65586e-05
2.50782e-05
5.41544e-07
2.62335e-05
4.82553e-05
6.31317e-05
6.85068e-05
6.34522e-05
4.86251e-05
2.61855e-05
5.87654e-07
2.74518e-05
5.04865e-05
6.60558e-05
7.16894e-05
6.64088e-05
5.08945e-05
2.74012e-05
6.39338e-07
2.87919e-05
5.29403e-05
6.9272e-05
7.51905e-05
6.96619e-05
5.33917e-05
2.87388e-05
6.97444e-07
3.02692e-05
5.5645e-05
7.28175e-05
7.90508e-05
7.32492e-05
5.61457e-05
3.02137e-05
7.62979e-07
3.19016e-05
5.86335e-05
7.67354e-05
8.33173e-05
7.72148e-05
5.91907e-05
3.18442e-05
8.37139e-07
3.37102e-05
6.19442e-05
8.10764e-05
8.80456e-05
8.16106e-05
6.25663e-05
3.36515e-05
9.21351e-07
3.57198e-05
6.56225e-05
8.59004e-05
9.33011e-05
8.64976e-05
6.63198e-05
3.56607e-05
1.01733e-06
3.79599e-05
6.97221e-05
9.12778e-05
9.91611e-05
9.19481e-05
7.0507e-05
3.79017e-05
1.12712e-06
4.04652e-05
7.43069e-05
9.72931e-05
0.000105718
9.80487e-05
7.51946e-05
4.04102e-05
1.2532e-06
4.32777e-05
7.94534e-05
0.000104047
0.000113083
0.000104903
8.04624e-05
4.32288e-05
1.39854e-06
4.64475e-05
8.52536e-05
0.000111661
0.000121388
0.000112635
8.64071e-05
4.64094e-05
1.56675e-06
5.00355e-05
9.1819e-05
0.000120282
0.000130796
0.000121398
9.31461e-05
5.00149e-05
1.76214e-06
5.41157e-05
9.92856e-05
0.000130091
0.000141504
0.000131376
0.000100823
5.41227e-05
1.98984e-06
5.87786e-05
0.00010782
0.000141307
0.000153756
0.000142799
0.000109616
5.88283e-05
2.2559e-06
6.41359e-05
0.000117628
0.000154204
0.000167852
0.00015595
0.000119745
6.42513e-05
2.5672e-06
7.03256e-05
0.000128966
0.000169123
0.000184169
0.000171183
0.000131486
7.05422e-05
2.9311e-06
7.75191e-05
0.000142152
0.000186487
0.000203177
0.000188945
0.000145189
7.78925e-05
3.3544e-06
8.59296e-05
0.000157586
0.000206833
0.000225472
0.000209799
0.000161298
8.65491e-05
3.84075e-06
9.58201e-05
0.000175769
0.000230833
0.000251803
0.000234462
0.000180379
9.68333e-05
4.38456e-06
0.000107511
0.00019732
0.000259327
0.000283114
0.000263839
0.000203159
0.000109169
4.95706e-06
0.000121373
0.000222986
0.000293344
0.00032057
0.000299062
0.000230561
0.000124123
5.47485e-06
0.000137793
0.000253607
0.000334068
0.000365538
0.000341485
0.000263732
0.000142467
5.73359e-06
0.000157024
0.000289931
0.000382641
0.000419397
0.000392545
0.000303995
0.000165269
5.34079e-06
0.000178725
0.000331984
0.000439411
0.000482779
0.000453142
0.000352539
0.000194073
5.08838e-06
0.000200494
0.000376954
0.00050138
0.000552925
0.000521403
0.000409204
0.000231328
1.55138e-05
0.000212851
0.000411808
0.00055309
0.000614096
0.000584471
0.000467967
0.0002821
5.70855e-05
0.000180007
0.000384209
0.000530175
0.000598751
0.000585146
0.000499475
0.000364717
0.000213096
9.23778e-05
0.000104835
0.000168356
0.000214347
0.000265735
0.000378602
0.000615551
0.00101083
0.0015546
0.00217305
0.00270174
0.00286196
0.00224524
0.000331379
0.00363344
0.0103287
0.0206259
0.0353703
0.0553562
0.0812581
0.113563
0.152511
0.198047
0.249791
0.307038
0.368772
0.43371
0.500375
0.567171
0.632484
0.694778
0.752687
0.805093
0.851189
0.89051
0.922942
0.948704
0.968302
0.982468
0.992082
0.998092
1.00144
1.00298
1.00346
1.00342
1.00328
1.00324
1.00339
1.00369
1.00404
1.00432
1.0044
1.00423
1.00377
1.00308
1.00224
1.0014
1.00067
1.00017
