-1.87392e-19
-7.63734e-05
-0.000155563
-0.000237734
-0.000322418
-0.000408226
-0.000492616
-0.000571767
-0.000640566
-0.000692734
-0.000721093
-0.000717968
-0.000675713
-0.000587339
-0.000447203
-0.000251709
5.22599e-19
0.000305451
0.000658364
0.00104836
0.00146089
0.00187743
0.00227589
0.00263139
0.00291724
0.00310616
0.00317172
0.00308989
0.00284072
0.0024099
0.00179031
0.000983349
-1.32892e-18
-0.00113848
-0.00240027
-0.00374313
-0.00511513
-0.00645578
-0.00769772
-0.00876885
-0.00959477
-0.0101017
-0.0102192
-0.00988368
-0.00904098
-0.00764941
-0.00568217
-0.00312948
2.12694e-18
0.00367824
0.00785769
0.0124719
0.0174367
0.0226526
0.0280069
0.0333776
0.0386367
0.0436543
0.0483033
0.0524629
0.0560233
0.0588892
0.0609832
0.0622482
0.06265
0.0621779
0.0608454
0.0586897
0.05577
0.0521662
0.0479751
0.0433077
0.0382854
0.0330356
0.0276872
0.0223674
0.0171965
0.0122851
0.00773049
0.00361418
2.08726e-18
-0.00306714
-0.00556173
-0.00747732
-0.00882565
-0.00963499
-0.00994808
-0.00981956
-0.00931316
-0.00849874
-0.00744917
-0.00623752
-0.00493425
-0.00360481
-0.00230765
-0.00109265
-1.27314e-18
0.000940348
0.00170879
0.00229571
0.00270073
0.00293162
0.00300294
0.00293455
0.00275002
0.002475
0.00213575
0.00175778
0.00136463
0.000977036
0.000612189
0.00028341
4.83895e-19
-0.000232635
-0.000412658
-0.000541314
-0.000622323
-0.000661212
-0.000664626
-0.00063968
-0.000593379
-0.000532133
-0.000461417
-0.000385549
-0.00030762
-0.000229545
-0.000152228
-7.58152e-05
0
0
0
0
0
0
0
0
0
0
0
0
0
0
0
0
0
0
0
0
0
0
0
0
0
0
0
0
0
0
0
0
0
0
0
0
0
0
0
0
0
0
0
0
0
0
0
0
0
0
0
0
0
0
0
0
0
0
0
0
0
0
0
0
0
0
0
0
0
0
0
0
0
0
0
0
0
0
0
0
0
0
0
0
0
0
0
0
0
0
0
0
0
0
0
0
0
0
0
0
0
0
0
0
0
0
0
0
0
0
0
0
0
0
0
0
0
0
0
0
0
0
0
0
0
0
0
0
0
0
0
0
0
0
0
0
0
0
0
0
0
0
0
0
0
0
0
0
0
0
0
0
0
0
0
0
0
0
0
0
0
0
0
0
0
0
0
0
0
0
0
0
0
0
0
0
0
0
0
0
0
0
0
0
0
0
0
0
0
0
0
0
0
0
0
0
0
0
0
0
0
0
0
0
0
0
0
0
0
0
0
0
0
0
0
0
0
0
0
0
0
0
0
0
0
0
0
0
0
0
0
0
0
0
0
0
0
0
0
0
0
0
0
0
0
0
0
0
0
0
0
0
0
0
0
0
0
0
0
0
0
0
0
0
0
0
0
0
0
0
0
0
0
0
0
0
0
0
0
0
0
0
0
0
0
0
0
0
0
0
0
0
0
0
0
0
0
0
0
0
0
0
0
0
0
0
0
0
0
0
0
0
0
0
0
0
0
0
0
0
0
0
0
0
0
0
0
0
0
0
0
0
0
0
0
0
0
0
0
0
0
0
0
0
0
0
0
0
0
0
0
0
0
0
0
0
0
0
0
0
0
0
0
0
0
0
0
0
0
0
0
0
0
0
0
0
0
0
0
0
0
0
0
0
0
0
0
0
0
0
0
0
0
0
0
0
0
0
0
0
0
0
0
0
0
0
0
0
0
0
0
0
0
0
0
0
0
0
0
0
0
0
0
0
0
0
0
0
0
0
0
0
0
0
0
0
0
0
0
0
0
0
0
0
0
0
0
0
0
0
0
0
0
0
0
0
0
0
0
0
0
0
0
0
0
0
0
0
0
0
0
0
0
0
0
0
0
0
0
0
0
0
0
0
0
0
0
0
0
0
0
0
0
0
0
0
0
0
0
0
0
0
0
0
0
0
0
0
0
0
0
0
0
0
0
0
0
0
0
0
0
0
0
0
0
0
0
0
0
0
0
0
0
0
0
0
0
0
0
0
0
0
0
0
0
0
0
0
0
0
0
0
0
0
0
0
0
0
0
0
0
0
0
0
0
0
0
0
0
0
0
0
0
0
0
0
0
0
0
0
0
0
0
0
0
0
0
0
0
0
0
0
0
0
0
0
0
0
0
0
0
0
0
0
0
0
0
0
0
0
0
0
0
0
0
0
0
0
0
0
0
0
0
0
0
0
0
0
0
0
0
0
0
0
0
0
0
0
0
0
0
0
0
0
0
0
0
0
0
0
0
0
0
0
0
0
0
0
0
0
0
0
0
0
0
0
0
0
0
0
0
0
0
0
0
0
0
0
0
0
0
0
0
0
0
0
0
0
0
0
0
0
0
0
0
0
0
0
0
0
0
0
0
0
0
0
0
0
0
0
0
0
0
0
0
0
0
0
0
0
0
0
0
0
0
0
0
0
0
0
0
0
0
0
0
0
0
0
0
0
0
0
0
0
0
0
0
0
0
0
0
0
0
0
0
0
0
0
0
0
0
0
0
0
0
0
0
0
0
0
0
0
0
0
0
0
0
0
0
0
0
0
0
0
0
0
0
0
0
0
0
0
0
0
0
0
0
0
0
0
0
0
0
0
0
0
0
0
0
0
0
0
0
0
0
0
0
0
0
0
0
0
0
0
0
0
0
0
0
0
0
0
0
0
0
0
0
0
0
0
0
0
0
0
0
0
0
0
0
0
0
0
0
0
0
0
0
0
0
0
0
0
0
0
0
0
0
0
0
0
0
0
0
0
0
0
0
0
0
0
0
0
0
0
0
0
0
0
0
0
0
0
0
0
0
0
