0
-0.392693
-0.785383
-1.17807
-1.57075
-1.96344
-2.35612
-2.74881
-3.14151
2.74897
2.35623
1.96348
1.57072
1.17795
0.785176
0.392425
-0.000289114
-0.392948
-0.785532
-1.17803
-1.57041
-1.96269
-2.35484
-2.74687
-3.13877
2.75264
2.36098
1.96944
1.57803
1.18672
0.795537
0.404469
0.0135223
-0.3773
-0.767993
-1.15855
-1.54897
-1.93925
-2.3294
-2.71943
-3.10941
2.78372
2.3933
2.00173
1.60643
1.19319
-1.86976
-2.62755
-3.0327
2.85683
2.46279
2.06023
1.63452
1.15685
0.59108
-0.0374428
-0.623641
-1.17324
-1.9271
2.69666
1.68544
1.14776
0.705729
0.292432
-0.110835
-0.512074
-0.918982
-1.36348
1.79147
1.15123
0.733598
0.332003
-0.0655774
-0.462567
-0.861933
-1.27443
2.07985
1.15566
0.746415
0.347906
-0.0481845
-0.443994
-0.841374
-1.24688
3.07413
1.15937
0.753953
0.356735
-0.0387174
-0.434001
-0.830518
-1.23322
-2.32564
1.16234
0.759008
0.362467
-0.0326416
-0.427635
-0.823683
-1.22493
-2.07612
1.16475
0.762683
0.36655
-0.0283483
-0.423161
-0.81892
-1.2193
-1.98176
1.16672
0.765505
0.36964
-0.0251178
-0.419808
-0.815374
-1.21518
-1.93704
1.16838
0.767759
0.372082
-0.0225773
-0.41718
-0.812609
-1.21202
-1.91389
1.1698
0.769612
0.374072
-0.0205134
-0.415052
-0.81038
-1.20951
-1.90205
1.17103
0.771171
0.375736
-0.0187939
-0.413283
-0.808533
-1.20745
-1.89692
1.1721
0.772507
0.377153
-0.0173329
-0.411782
-0.806973
-1.20572
-1.89615
1.17305
0.773668
0.378379
-0.0160712
-0.410489
-0.805632
-1.20425
-1.89842
1.1739
0.774691
0.379454
-0.0149669
-0.409359
-0.804463
-1.20297
-1.90292
1.17467
0.7756
0.380408
-0.0139896
-0.408361
-0.803432
-1.20186
-1.90916
1.17537
0.776417
0.381261
-0.0131162
-0.40747
-0.802514
-1.20087
-1.9168
1.17601
0.777156
0.382031
-0.012329
-0.406667
-0.801689
-1.19998
-1.92561
1.17659
0.777829
0.382731
-0.0116144
-0.40594
-0.800942
-1.19919
-1.93544
1.17714
0.778446
0.383372
-0.0109614
-0.405276
-0.800261
-1.19846
-1.94619
1.17764
0.779015
0.383961
-0.0103613
-0.404666
-0.799637
-1.1978
-1.95778
1.17811
0.779543
0.384506
-0.00980671
-0.404103
-0.799062
-1.1972
-1.97015
1.17855
0.780033
0.385012
-0.0092919
-0.403581
-0.798529
-1.19664
-1.98329
1.17896
0.780492
0.385485
-0.00881189
-0.403094
-0.798032
-1.19612
-1.99716
1.17935
0.780922
0.385928
-0.00836253
-0.402639
-0.797569
-1.19563
-2.01178
1.17972
0.781328
0.386344
-0.00794032
-0.402211
-0.797134
-1.19518
-2.02713
1.18007
0.78171
0.386736
-0.00754225
-0.401809
-0.796725
-1.19476
-2.04323
1.1804
0.782073
0.387108
-0.00716575
-0.401428
-0.796338
-1.19436
-2.0601
1.18072
0.782417
0.387461
-0.00680859
-0.401067
-0.795972
-1.19398
-2.07776
1.18102
0.782746
0.387797
-0.00646883
-0.400724
-0.795624
-1.19362
-2.09624
1.18131
0.783059
0.388117
-0.00614475
-0.400397
-0.795293
-1.19328
-2.11557
1.18159
0.78336
0.388424
-0.00583486
-0.400084
-0.794977
-1.19296
-2.13579
1.18186
0.783648
0.388718
-0.00553785
-0.399785
-0.794674
-1.19265
-2.15694
1.18211
0.783925
0.389
-0.00525252
-0.399497
-0.794383
-1.19235
-2.17907
1.18236
0.784193
0.389273
-0.00497784
-0.39922
-0.794104
-1.19207
-2.20223
1.18261
0.784451
0.389535
-0.00471285
-0.398954
-0.793834
-1.19179
-2.22647
1.18284
0.784701
0.389789
-0.00445671
-0.398696
-0.793574
-1.19153
-2.25185
1.18307
0.784943
0.390035
-0.00420866
-0.398446
-0.793323
-1.19127
-2.27842
1.18329
0.785178
0.390274
-0.00396799
-0.398204
-0.793079
-1.19103
-2.30625
1.18351
0.785407
0.390506
-0.00373407
-0.397969
-0.792842
-1.19079
-2.33539
1.18372
0.78563
0.390733
-0.00350633
-0.39774
-0.792612
-1.19056
-2.36592
1.18393
0.785848
0.390953
-0.00328423
-0.397517
-0.792388
-1.19033
-2.39788
1.18413
0.786061
0.391169
-0.00306728
-0.397299
-0.792169
-1.19011
-2.43134
1.18433
0.78627
0.39138
-0.00285503
-0.397086
-0.791955
-1.1899
-2.46634
1.18453
0.786474
0.391587
-0.00264706
-0.396877
-0.791745
-1.18969
-2.50294
1.18472
0.786675
0.39179
-0.00244298
-0.396672
-0.79154
-1.18948
-2.54117
1.18491
0.786873
0.39199
-0.00224241
-0.396471
-0.791338
-1.18928
-2.58106
1.1851
0.787068
0.392186
-0.00204502
-0.396273
-0.79114
-1.18908
-2.62261
1.18528
0.78726
0.39238
-0.00185048
-0.396078
-0.790944
-1.18889
-2.66581
1.18546
0.787449
0.392571
-0.00165848
-0.395886
-0.790752
-1.1887
-2.71064
1.18565
0.787637
0.39276
-0.00146873
-0.395696
-0.790562
-1.18851
-2.75703
1.18582
0.787823
0.392948
-0.00128095
-0.395508
-0.790373
-1.18832
-2.80491
1.186
0.788007
0.393133
-0.00109487
-0.395321
-0.790187
-1.18814
-2.85415
1.18618
0.78819
0.393317
-0.000910225
-0.395136
-0.790003
-1.18796
-2.90461
1.18636
0.788372
0.3935
-0.00072677
-0.394953
-0.789819
-1.18778
-2.95612
1.18653
0.788553
0.393683
-0.000544259
-0.39477
-0.789637
-1.1876
-3.00849
1.18671
0.788734
0.393864
-0.000362451
-0.394589
-0.789456
-1.18742
-3.06147
1.18689
0.788914
0.394045
-0.000181109
-0.394407
-0.789275
-1.18724
-3.11484
1.18706
0.789095
0.394226
0
-0.394226
-0.789095
-1.18706
3.11484
1.18724
0.789275
0.394407
0.000181109
-0.394045
-0.788914
-1.18689
3.06147
1.18742
0.789456
0.394589
0.000362451
-0.393864
-0.788734
-1.18671
3.00849
1.1876
0.789637
0.39477
0.000544259
-0.393683
-0.788553
-1.18653
2.95612
1.18778
0.789819
0.394953
0.00072677
-0.3935
-0.788372
-1.18636
2.90461
1.18796
0.790003
0.395136
0.000910225
-0.393317
-0.78819
-1.18618
2.85415
1.18814
0.790187
0.395321
0.00109487
-0.393133
-0.788007
-1.186
2.80491
1.18832
0.790373
0.395508
0.00128095
-0.392948
-0.787823
-1.18582
2.75703
1.18851
0.790562
0.395696
0.00146873
-0.39276
-0.787637
-1.18565
2.71064
1.1887
0.790752
0.395886
0.00165848
-0.392571
-0.787449
-1.18546
2.66581
1.18889
0.790944
0.396078
0.00185048
-0.39238
-0.78726
-1.18528
2.62261
1.18908
0.79114
0.396273
0.00204502
-0.392186
-0.787068
-1.1851
2.58106
1.18928
0.791338
0.396471
0.00224241
-0.39199
-0.786873
-1.18491
2.54117
1.18948
0.79154
0.396672
0.00244298
-0.39179
-0.786675
-1.18472
2.50294
1.18969
0.791745
0.396877
0.00264706
-0.391587
-0.786474
-1.18453
2.46634
1.1899
0.791955
0.397086
0.00285503
-0.39138
-0.78627
-1.18433
2.43134
1.19011
0.792169
0.397299
0.00306728
-0.391169
-0.786061
-1.18413
2.39788
1.19033
0.792388
0.397517
0.00328423
-0.390953
-0.785848
-1.18393
2.36592
1.19056
0.792612
0.39774
0.00350633
-0.390733
-0.78563
-1.18372
2.33539
1.19079
0.792842
0.397969
0.00373407
-0.390506
-0.785407
-1.18351
2.30625
1.19103
0.793079
0.398204
0.00396799
-0.390274
-0.785178
-1.18329
2.27842
1.19127
0.793323
0.398446
0.00420866
-0.390035
-0.784943
-1.18307
2.25185
1.19153
0.793574
0.398696
0.00445671
-0.389789
-0.784701
-1.18284
2.22647
1.19179
0.793834
0.398954
0.00471285
-0.389535
-0.784451
-1.18261
2.20223
1.19207
0.794104
0.39922
0.00497784
-0.389273
-0.784193
-1.18236
2.17907
1.19235
0.794383
0.399497
0.00525252
-0.389
-0.783925
-1.18211
2.15694
1.19265
0.794674
0.399785
0.00553785
-0.388718
-0.783648
-1.18186
2.13579
1.19296
0.794977
0.400084
0.00583486
-0.388424
-0.78336
-1.18159
2.11557
1.19328
0.795293
0.400397
0.00614475
-0.388117
-0.783059
-1.18131
2.09624
1.19362
0.795624
0.400724
0.00646883
-0.387797
-0.782746
-1.18102
2.07776
1.19398
0.795972
0.401067
0.00680859
-0.387461
-0.782417
-1.18072
2.0601
1.19436
0.796338
0.401428
0.00716575
-0.387108
-0.782073
-1.1804
2.04323
1.19476
0.796725
0.401809
0.00754225
-0.386736
-0.78171
-1.18007
2.02713
1.19518
0.797134
0.402211
0.00794032
-0.386344
-0.781328
-1.17972
2.01178
1.19563
0.797569
0.402639
0.00836253
-0.385928
-0.780922
-1.17935
1.99716
1.19612
0.798032
0.403094
0.00881189
-0.385485
-0.780492
-1.17896
1.98329
1.19664
0.798529
0.403581
0.0092919
-0.385012
-0.780033
-1.17855
1.97015
1.1972
0.799062
0.404103
0.00980671
-0.384506
-0.779543
-1.17811
1.95778
1.1978
0.799637
0.404666
0.0103613
-0.383961
-0.779015
-1.17764
1.94619
1.19846
0.800261
0.405276
0.0109614
-0.383372
-0.778446
-1.17714
1.93544
1.19919
0.800942
0.40594
0.0116144
-0.382731
-0.777829
-1.17659
1.92561
1.19998
0.801689
0.406667
0.012329
-0.382031
-0.777156
-1.17601
1.9168
1.20087
0.802514
0.40747
0.0131162
-0.381261
-0.776417
-1.17537
1.90916
1.20186
0.803432
0.408361
0.0139896
-0.380408
-0.7756
-1.17467
1.90292
1.20297
0.804463
0.409359
0.0149669
-0.379454
-0.774691
-1.1739
1.89842
1.20425
0.805632
0.410489
0.0160712
-0.378379
-0.773668
-1.17305
1.89615
1.20572
0.806973
0.411782
0.0173329
-0.377153
-0.772507
-1.1721
1.89692
1.20745
0.808533
0.413283
0.0187939
-0.375736
-0.771171
-1.17103
1.90205
1.20951
0.81038
0.415052
0.0205134
-0.374072
-0.769612
-1.1698
1.91389
1.21202
0.812609
0.41718
0.0225773
-0.372082
-0.767759
-1.16838
1.93704
1.21518
0.815374
0.419808
0.0251178
-0.36964
-0.765505
-1.16672
1.98176
1.2193
0.81892
0.423161
0.0283483
-0.36655
-0.762683
-1.16475
2.07612
1.22493
0.823683
0.427635
0.0326416
-0.362467
-0.759008
-1.16234
2.32564
1.23322
0.830518
0.434001
0.0387174
-0.356735
-0.753953
-1.15937
-3.07413
1.24688
0.841374
0.443994
0.0481845
-0.347906
-0.746415
-1.15566
-2.07985
1.27443
0.861933
0.462567
0.0655774
-0.332003
-0.733598
-1.15123
-1.79147
1.36348
0.918982
0.512074
0.110835
-0.292432
-0.705729
-1.14776
-1.68544
-2.69666
1.9271
1.17324
0.623641
0.0374428
-0.59108
-1.15685
-1.63452
-2.06023
-2.46279
-2.85683
3.0327
2.62755
1.86976
-1.19319
-1.60643
-2.00173
-2.3933
-2.78372
3.10941
2.71943
2.3294
1.93925
1.54897
1.15855
0.767993
0.3773
-0.0135223
-0.404469
-0.795537
-1.18672
-1.57803
-1.96944
-2.36098
-2.75264
3.13877
2.74687
2.35484
1.96269
1.57041
1.17803
0.785532
0.392948
0.000289114
-0.392425
-0.785176
-1.17795
-1.57072
-1.96348
-2.35623
-2.74897
3.14151
2.74881
2.35612
1.96344
1.57075
1.17807
0.785383
0.392693
